%YAML:1.0
cameraMatrix: !!opencv-matrix
   rows: 3
   cols: 3
   dt: d
   data: [ 9.9576241990695326e+02, 0., 4.9285295937945205e+02, 0.,
       9.9408073998616965e+02, 3.8004399213795807e+02, 0., 0., 1. ]
imageSize_width: 1024
imageSize_height: 768
sensorSize_width: 0
sensorSize_height: 0
distCoeffs: !!opencv-matrix
   rows: 5
   cols: 1
   dt: d
   data: [ -3.1168865270434093e-01, 1.9851499721311361e-01,
       -8.6638454460408155e-04, -1.6233918035413709e-03,
       -9.4131654669180248e-02 ]
reprojectionError: 3.4965384006500244e-01
features:
   - [ 2.54460617e+02, 5.36239502e+02, 2.52806793e+02, 4.90595886e+02,
       2.51384079e+02, 4.44612701e+02, 2.50168335e+02, 3.98601349e+02,
       2.49391113e+02, 3.52475555e+02, 2.48735977e+02, 3.06293732e+02,
       2.48492859e+02, 2.60457947e+02, 3.00039154e+02, 5.34494446e+02,
       2.98523285e+02, 4.88897675e+02, 2.97295288e+02, 4.43544861e+02,
       2.96100281e+02, 3.97614166e+02, 2.95339722e+02, 3.51630859e+02,
       2.94541412e+02, 3.05668945e+02, 2.94217560e+02, 2.60440186e+02,
       3.45389923e+02, 5.32456177e+02, 3.43784058e+02, 4.87517822e+02,
       3.42565826e+02, 4.42351044e+02, 3.41602448e+02, 3.96678802e+02,
       3.40947021e+02, 3.50943085e+02, 3.40103790e+02, 3.05518646e+02,
       3.39458221e+02, 2.60458191e+02, 3.89939972e+02, 5.30538696e+02,
       3.88477539e+02, 4.85927856e+02, 3.87539185e+02, 4.40684326e+02,
       3.86579559e+02, 3.95701019e+02, 3.85931183e+02, 3.50579681e+02,
       3.85322510e+02, 3.05279633e+02, 3.84175171e+02, 2.60586884e+02,
       4.33782684e+02, 5.28246399e+02, 4.32807892e+02, 4.84095367e+02,
       4.31764160e+02, 4.39532654e+02, 4.31345764e+02, 3.94629883e+02,
       4.30412842e+02, 3.49910706e+02, 4.29504242e+02, 3.05160309e+02,
       4.28415863e+02, 2.60773438e+02, 4.77359589e+02, 5.25610291e+02,
       4.76293854e+02, 4.82245544e+02, 4.75483826e+02, 4.38200043e+02,
       4.75279053e+02, 3.93699158e+02, 4.74354919e+02, 3.49460571e+02,
       4.73451416e+02, 3.04863617e+02, 4.71898285e+02, 2.61337341e+02,
       5.19547974e+02, 5.22885071e+02, 5.18984192e+02, 4.80265839e+02,
       5.18165771e+02, 4.36626678e+02, 5.17577271e+02, 3.92592010e+02,
       5.17418274e+02, 3.48709656e+02, 5.16229858e+02, 3.04842804e+02,
       5.14796570e+02, 2.61626038e+02, 5.61124329e+02, 5.20569519e+02,
       5.60235352e+02, 4.78188110e+02, 5.59615906e+02, 4.34785919e+02,
       5.59429932e+02, 3.91696899e+02, 5.59224060e+02, 3.48513123e+02,
       5.58089905e+02, 3.04907104e+02, 5.56588562e+02, 2.62244537e+02,
       6.01390564e+02, 5.17938538e+02, 6.00802063e+02, 4.75770294e+02,
       6.00229065e+02, 4.33408478e+02, 5.99767700e+02, 3.90580719e+02,
       5.99470581e+02, 3.48014160e+02, 5.99248352e+02, 3.05236847e+02,
       5.97453979e+02, 2.62608002e+02, 6.40196655e+02, 5.14884216e+02,
       6.39520935e+02, 4.73594208e+02, 6.39465271e+02, 4.31705109e+02,
       6.39471985e+02, 3.89699768e+02, 6.39280457e+02, 3.47558411e+02,
       6.37900757e+02, 3.05400299e+02, 6.37258728e+02, 2.63488464e+02 ]
   - [ 2.46697357e+02, 4.76473419e+02, 2.46622452e+02, 4.30541565e+02,
       2.47176086e+02, 3.84422363e+02, 2.47626541e+02, 3.37976227e+02,
       2.48645752e+02, 2.91871674e+02, 2.49919907e+02, 2.46295654e+02,
       2.51532242e+02, 2.01256714e+02, 2.92469269e+02, 4.76507538e+02,
       2.92616211e+02, 4.30657318e+02, 2.93191345e+02, 3.84696472e+02,
       2.93570465e+02, 3.38682770e+02, 2.94487244e+02, 2.93118561e+02,
       2.95597565e+02, 2.47595398e+02, 2.96979675e+02, 2.03079468e+02,
       3.37775085e+02, 4.76437134e+02, 3.38080872e+02, 4.30838287e+02,
       3.38494080e+02, 3.85436737e+02, 3.39312714e+02, 3.39701263e+02,
       3.39999969e+02, 2.94393127e+02, 3.40972168e+02, 2.49128677e+02,
       3.41878754e+02, 2.04573380e+02, 3.82769867e+02, 4.76169861e+02,
       3.83240723e+02, 4.30996552e+02, 3.83502167e+02, 3.85838440e+02,
       3.84223236e+02, 3.40617188e+02, 3.85305023e+02, 2.95544220e+02,
       3.85661713e+02, 2.50586319e+02, 3.86331696e+02, 2.06849838e+02,
       4.27265198e+02, 4.75631195e+02, 4.27410645e+02, 4.31232300e+02,
       4.27784393e+02, 3.86526154e+02, 4.28614502e+02, 3.41578278e+02,
       4.29448242e+02, 2.96631287e+02, 4.29831146e+02, 2.52348312e+02,
       4.30263397e+02, 2.08624786e+02, 4.70561493e+02, 4.75183624e+02,
       4.71342438e+02, 4.31119293e+02, 4.71570923e+02, 3.86690796e+02,
       4.72447327e+02, 3.42572937e+02, 4.73413300e+02, 2.98261292e+02,
       4.73550171e+02, 2.54248047e+02, 4.73607819e+02, 2.11082382e+02,
       5.13404602e+02, 4.74611938e+02, 5.13590637e+02, 4.31045410e+02,
       5.14441284e+02, 3.87378479e+02, 5.15409241e+02, 3.43455627e+02,
       5.15970581e+02, 2.99537231e+02, 5.16412659e+02, 2.55885437e+02,
       5.16104858e+02, 2.13457397e+02, 5.54836670e+02, 4.73897125e+02,
       5.55461182e+02, 4.30688965e+02, 5.56061218e+02, 3.87584198e+02,
       5.57252380e+02, 3.44526947e+02, 5.57587708e+02, 3.01094116e+02,
       5.58035583e+02, 2.57735840e+02, 5.57627930e+02, 2.15730026e+02,
       5.95466248e+02, 4.72978943e+02, 5.95820862e+02, 4.30609131e+02,
       5.96956848e+02, 3.88042969e+02, 5.97511780e+02, 3.45391113e+02,
       5.98191162e+02, 3.02552155e+02, 5.98909241e+02, 2.59884766e+02,
       5.98424866e+02, 2.18134216e+02, 6.34929443e+02, 4.72508942e+02,
       6.35439026e+02, 4.30525055e+02, 6.35916077e+02, 3.88467590e+02,
       6.37418396e+02, 3.46369781e+02, 6.37542175e+02, 3.04010376e+02,
       6.37658569e+02, 2.62050751e+02, 6.37618713e+02, 2.20588730e+02 ]
   - [ 2.48238815e+02, 4.11291840e+02, 2.48880936e+02, 3.65152283e+02,
       2.49864334e+02, 3.18697815e+02, 2.51351517e+02, 2.72899780e+02,
       2.52831970e+02, 2.27466309e+02, 2.54512787e+02, 1.82507828e+02,
       2.56737976e+02, 1.38475464e+02, 2.94180115e+02, 4.11773560e+02,
       2.94835663e+02, 3.65979401e+02, 2.95619690e+02, 3.20034698e+02,
       2.96974487e+02, 2.74487946e+02, 2.98393097e+02, 2.29088577e+02,
       3.00008453e+02, 1.84511230e+02, 3.01674896e+02, 1.40845001e+02,
       3.39467438e+02, 4.12505646e+02, 3.40233765e+02, 3.66810699e+02,
       3.41329681e+02, 3.21388123e+02, 3.42272217e+02, 2.75847626e+02,
       3.43629578e+02, 2.30672668e+02, 3.45030334e+02, 1.86496246e+02,
       3.46262634e+02, 1.43239304e+02, 3.84425842e+02, 4.12719574e+02,
       3.85327362e+02, 3.67647369e+02, 3.86133118e+02, 3.22596039e+02,
       3.87306641e+02, 2.77542175e+02, 3.88380341e+02, 2.32972519e+02,
       3.89387878e+02, 1.88607162e+02, 3.90259460e+02, 1.45949326e+02,
       4.28948730e+02, 4.13378265e+02, 4.29491577e+02, 3.68651489e+02,
       4.30381256e+02, 3.23640869e+02, 4.31461151e+02, 2.79223877e+02,
       4.32481934e+02, 2.34741928e+02, 4.33407715e+02, 1.91132797e+02,
       4.33975800e+02, 1.48561768e+02, 4.72454834e+02, 4.13602325e+02,
       4.73386536e+02, 3.69511292e+02, 4.74003906e+02, 3.25218048e+02,
       4.75298920e+02, 2.80852448e+02, 4.76014160e+02, 2.37066498e+02,
       4.76830994e+02, 1.93569214e+02, 4.77059082e+02, 1.51694946e+02,
       5.15375793e+02, 4.14053741e+02, 5.15599854e+02, 3.70428009e+02,
       5.16683777e+02, 3.26572937e+02, 5.17546387e+02, 2.82797607e+02,
       5.18611694e+02, 2.39518356e+02, 5.19234375e+02, 1.96362015e+02,
       5.19123169e+02, 1.54662292e+02, 5.56872681e+02, 4.14450531e+02,
       5.57475037e+02, 3.71031891e+02, 5.58155457e+02, 3.27677094e+02,
       5.59377014e+02, 2.84581635e+02, 5.59768860e+02, 2.41791946e+02,
       5.60559692e+02, 1.99446091e+02, 5.60167297e+02, 1.57987686e+02,
       5.97425110e+02, 4.14529877e+02, 5.97666931e+02, 3.71734467e+02,
       5.98885559e+02, 3.29243286e+02, 5.99518921e+02, 2.86630737e+02,
       6.00228088e+02, 2.44344437e+02, 6.01067444e+02, 2.02127838e+02,
       6.00610718e+02, 1.61395035e+02, 6.36813171e+02, 4.14571564e+02,
       6.37351807e+02, 3.72550964e+02, 6.37603943e+02, 3.30518768e+02,
       6.39237061e+02, 2.88517090e+02, 6.39489746e+02, 2.46802536e+02,
