%YAML:1.0
cameraMatrix: !!opencv-matrix
   rows: 3
   cols: 3
   dt: d
   data: [ 9.4690494140846715e+02, 0., 4.6695755842285553e+02, 0.,
       9.4542476318145884e+02, 3.7526784308814700e+02, 0., 0., 1. ]
imageSize_width: 1024
imageSize_height: 768
sensorSize_width: 0
sensorSize_height: 0
distCoeffs: !!opencv-matrix
   rows: 5
   cols: 1
   dt: d
   data: [ -2.9439286205600662e-01, 1.5685096670645415e-01,
       -1.6414917199880292e-03, 1.2628985331197566e-03,
       -1.7338221127677873e-02 ]
reprojectionError: 1.7642179131507874e-01
features:
   - [ 7.50360901e+02, 1.48458054e+02, 7.51521606e+02, 1.89295242e+02,
       7.52755920e+02, 2.30502670e+02, 7.53367065e+02, 2.72397156e+02,
       7.53549866e+02, 3.14375763e+02, 7.53628418e+02, 3.56736816e+02,
       7.53499695e+02, 3.99061005e+02, 7.12045166e+02, 1.45440491e+02,
       7.13392456e+02, 1.86529831e+02, 7.13985168e+02, 2.28463135e+02,
       7.15025208e+02, 2.70730011e+02, 7.15301331e+02, 3.13438324e+02,
       7.15311584e+02, 3.56407318e+02, 7.15113525e+02, 3.99312256e+02,
       6.73235779e+02, 1.42350983e+02, 6.73567322e+02, 1.83865402e+02,
       6.74657715e+02, 2.26427490e+02, 6.75299927e+02, 2.69365051e+02,
       6.75380859e+02, 3.12455017e+02, 6.75384766e+02, 3.55961517e+02,
       6.75279053e+02, 3.99426727e+02, 6.32569031e+02, 1.39610321e+02,
       6.33401855e+02, 1.81576996e+02, 6.33589355e+02, 2.24502930e+02,
       6.33874207e+02, 2.67753754e+02, 6.34259644e+02, 3.11506073e+02,
       6.34179443e+02, 3.55574219e+02, 6.33779663e+02, 3.99561310e+02,
       5.91312561e+02, 1.36934906e+02, 5.91462341e+02, 1.79481888e+02,
       5.91653687e+02, 2.22630020e+02, 5.91878479e+02, 2.66493408e+02,
       5.91992249e+02, 3.10598175e+02, 5.91929810e+02, 3.55167755e+02,
       5.91672607e+02, 3.99609924e+02, 5.48292480e+02, 1.34380676e+02,
       5.48718933e+02, 1.77450562e+02, 5.49098999e+02, 2.21089218e+02,
       5.49134521e+02, 2.65269318e+02, 5.49041687e+02, 3.09703217e+02,
       5.48903870e+02, 3.54689697e+02, 5.48443665e+02, 3.99639923e+02,
       5.05250092e+02, 1.32257401e+02, 5.05278778e+02, 1.75518204e+02,
       5.05222870e+02, 2.19471268e+02, 5.05127533e+02, 2.64044617e+02,
       5.04885925e+02, 3.08988312e+02, 5.04532898e+02, 3.54453644e+02,
       5.04219116e+02, 3.99623596e+02, 4.61208405e+02, 1.30218674e+02,
       4.60651794e+02, 1.73602249e+02, 4.60260193e+02, 2.18052994e+02,
       4.60011566e+02, 2.63023285e+02, 4.59697571e+02, 3.08367859e+02,
       4.59535797e+02, 3.54024994e+02, 4.59445312e+02, 3.99605225e+02,
       4.16035797e+02, 1.28546204e+02, 4.15518890e+02, 1.72347946e+02,
       4.15362366e+02, 2.16843582e+02, 4.14686615e+02, 2.62120056e+02,
       4.14225006e+02, 3.07628418e+02, 4.13858856e+02, 3.53618256e+02,
       4.13673920e+02, 3.99553711e+02, 3.71376984e+02, 1.27325172e+02,
       3.70259216e+02, 1.71253265e+02, 3.69527313e+02, 2.15791199e+02,
       3.69186157e+02, 2.61338074e+02, 3.68447998e+02, 3.07122559e+02,
       3.68098419e+02, 3.53351349e+02, 3.67797150e+02, 3.99456512e+02 ]
   - [ 7.48084167e+02, 2.37814713e+02, 7.49478271e+02, 2.79777527e+02,
       7.50817505e+02, 3.22143433e+02, 7.51449158e+02, 3.64519806e+02,
       7.51864380e+02, 4.06679169e+02, 7.52101318e+02, 4.49050507e+02,
       7.51815735e+02, 4.90806488e+02, 7.09496155e+02, 2.36849808e+02,
       7.11141174e+02, 2.79352814e+02, 7.11718506e+02, 3.22282959e+02,
       7.13037903e+02, 3.65107971e+02, 7.13353394e+02, 4.08113831e+02,
       7.13509583e+02, 4.50749023e+02, 7.13415283e+02, 4.93254517e+02,
       6.69559082e+02, 2.35869705e+02, 6.71276672e+02, 2.78905121e+02,
       6.71795288e+02, 3.22400879e+02, 6.73080017e+02, 3.65810913e+02,
       6.73454163e+02, 4.09218994e+02, 6.73591187e+02, 4.52612061e+02,
       6.73592834e+02, 4.95601959e+02, 6.29048401e+02, 2.35218643e+02,
       6.29744629e+02, 2.78586670e+02, 6.31186646e+02, 3.22558441e+02,
       6.31584167e+02, 3.66509338e+02, 6.32277832e+02, 4.10465057e+02,
       6.32899658e+02, 4.54419281e+02, 6.33117371e+02, 4.97810974e+02,
       5.86780396e+02, 2.34464050e+02, 5.87594788e+02, 2.78423431e+02,
       5.88786438e+02, 3.22663971e+02, 5.89440186e+02, 3.67210632e+02,
       5.89885132e+02, 4.11574493e+02, 5.90591248e+02, 4.56068817e+02,
       5.91159851e+02, 4.99878876e+02, 5.43466553e+02, 2.33785690e+02,
       5.44256042e+02, 2.78308380e+02, 5.45387085e+02, 3.23017944e+02,
       5.45775513e+02, 3.67888336e+02, 5.46813904e+02, 4.12677216e+02,
       5.47421692e+02, 4.57554688e+02, 5.47545471e+02, 5.01924622e+02,
       4.99441437e+02, 2.33490616e+02, 5.00069641e+02, 2.78297729e+02,
       5.01268219e+02, 3.23403717e+02, 5.01664398e+02, 3.68630585e+02,
       5.02490021e+02, 4.13850403e+02, 5.03410278e+02, 4.58934937e+02,
       5.03622925e+02, 5.03757904e+02, 4.54667755e+02, 2.33362396e+02,
       4.55430603e+02, 2.78404541e+02, 4.55903503e+02, 3.23748505e+02,
       4.57056366e+02, 3.69414490e+02, 4.57563782e+02, 4.14849457e+02,
       4.58362457e+02, 4.60509216e+02, 4.59403259e+02, 5.05448883e+02,
       4.09416138e+02, 2.33300720e+02, 4.09654205e+02, 2.78546570e+02,
       4.10408905e+02, 3.24390900e+02, 4.11397125e+02, 3.70300903e+02,
       4.11839996e+02, 4.16116394e+02, 4.13205505e+02, 4.61802765e+02,
       4.13810150e+02, 5.06844666e+02, 3.63516510e+02, 2.33426727e+02,
       3.63982361e+02, 2.78838593e+02, 3.64600861e+02, 3.24771149e+02,
       3.65458038e+02, 3.70838867e+02, 3.66192383e+02, 4.16903748e+02,
       3.67438934e+02, 4.62809174e+02, 3.68311371e+02, 5.08515076e+02 ]
   - [ 7.39567261e+02, 2.95510040e+02, 7.40714111e+02, 3.37893982e+02,
       7.41358948e+02, 3.80479797e+02, 7.41499329e+02, 4.22773132e+02,
       7.41595276e+02, 4.64940491e+02, 7.41415649e+02, 5.06953461e+02,
       7.40981018e+02, 5.48461914e+02, 7.00953369e+02, 2.95212891e+02,
       7.01471924e+02, 3.37989868e+02, 7.02180847e+02, 3.81106171e+02,
       7.02646729e+02, 4.24176117e+02, 7.02880066e+02, 4.66787781e+02,
       7.02632202e+02, 5.09396301e+02, 7.01779541e+02, 5.51297302e+02,
       6.60652222e+02, 2.94734009e+02, 6.61418640e+02, 3.38273224e+02,
       6.61780640e+02, 3.81819611e+02, 6.62459412e+02, 4.25344238e+02,
       6.62781189e+02, 4.68556366e+02, 6.62653503e+02, 5.11699371e+02,
       6.62163574e+02, 5.54311646e+02, 6.19339050e+02, 2.94546448e+02,
       6.19801575e+02, 3.38456482e+02, 6.20795471e+02, 3.82559814e+02,
       6.21304504e+02, 4.26537292e+02, 6.21423462e+02, 4.70399353e+02,
       6.21457092e+02, 5.13966553e+02, 6.21409546e+02, 5.56584167e+02,
       5.76908752e+02, 2.94343384e+02, 5.77482971e+02, 3.38626617e+02,
       5.78006104e+02, 3.83273651e+02, 5.78725220e+02, 4.27691132e+02,
       5.79250610e+02, 4.71912384e+02, 5.79374390e+02, 5.15960693e+02,
       5.79455750e+02, 5.58992676e+02, 5.33352722e+02, 2.94233917e+02,
       5.33718140e+02, 3.38849213e+02, 5.34488831e+02, 3.83951385e+02,
       5.35331238e+02, 4.28684723e+02, 5.35467896e+02, 4.73467743e+02,
       5.35637634e+02, 5.17989624e+02, 5.36046631e+02, 5.61560913e+02,
       4.89045258e+02, 2.94157104e+02, 4.89479614e+02, 3.39338776e+02,
       4.89987946e+02, 3.84610596e+02, 4.90852173e+02, 4.29906067e+02,
       4.91468292e+02, 4.74682709e+02, 4.91655792e+02, 5.19657898e+02,
       4.92300049e+02, 5.63693481e+02, 4.43664581e+02, 2.94244415e+02,
       4.44363739e+02, 3.39622986e+02, 4.45296173e+02, 3.85359589e+02,
       4.45621521e+02, 4.30773651e+02, 4.46350403e+02, 4.76358246e+02,
       4.47432190e+02, 5.21149658e+02, 4.47705261e+02, 5.65604614e+02,
       3.98094421e+02, 2.94430237e+02, 3.98739807e+02, 3.40148407e+02,
       3.99439514e+02, 3.86092438e+02, 3.99914215e+02, 4.31865173e+02,
       4.01104919e+02, 4.77383240e+02, 4.01663666e+02, 5.22566895e+02,
       4.02953857e+02, 5.67081970e+02, 3.52322205e+02, 2.94604095e+02,
       3.52970764e+02, 3.40555695e+02, 3.53467834e+02, 3.86650024e+02,
       3.54209167e+02, 4.32650208e+02, 3.55355530e+02, 4.78524597e+02,
