%YAML:1.0
cameraMatrix: !!opencv-matrix
   rows: 3
   cols: 3
   dt: d
   data: [ 9.9576241990695326e+02, 0., 4.9285295937945205e+02, 0.,
       9.9408073998616965e+02, 3.8004399213795807e+02, 0., 0., 1. ]
imageSize_width: 1024
imageSize_height: 768
sensorSize_width: 0
sensorSize_height: 0
distCoeffs: !!opencv-matrix
   rows: 5
   cols: 1
   dt: d
   data: [ -3.1168865270434093e-01, 1.9851499721311361e-01,
       -8.6638454460408155e-04, -1.6233918035413709e-03,
       -9.4131654669180248e-02 ]
reprojectionError: 3.4965384006500244e-01
features:
   []
