%YAML:1.0
cameraMatrix: !!opencv-matrix
   rows: 3
   cols: 3
   dt: d
   data: [ 7.0912864842507668e+02, 0., 5.1661965109585276e+02, 0.,
       7.0925528223644972e+02, 3.6497510269477817e+02, 0., 0., 1. ]
imageSize_width: 1024
imageSize_height: 768
sensorSize_width: 0
sensorSize_height: 0
distCoeffs: !!opencv-matrix
   rows: 5
   cols: 1
   dt: d
   data: [ -3.2178131623370421e-01, 1.6634995374775216e-01,
       -1.6901924253260125e-04, -4.6459232389056633e-04,
       -4.3826945707511729e-02 ]
reprojectionError: 1.9949372112751007e-01
features:
   - [ 2.53004242e+02, 1.39165085e+02, 2.88352692e+02, 1.35488556e+02,
       3.24892700e+02, 1.32338928e+02, 3.62301025e+02, 1.29240417e+02,
       4.00534302e+02, 1.26711304e+02, 4.39574677e+02, 1.24474274e+02,
       4.78778900e+02, 1.22747849e+02, 2.55060974e+02, 1.76421616e+02,
       2.90345245e+02, 1.73206497e+02, 3.26755920e+02, 1.70343323e+02,
       3.63795227e+02, 1.67687103e+02, 4.01998322e+02, 1.65280716e+02,
       4.40906342e+02, 1.63132202e+02, 4.80055634e+02, 1.61583893e+02,
       2.57430603e+02, 2.13661072e+02, 2.92609467e+02, 2.10706879e+02,
       3.28718018e+02, 2.08354218e+02, 3.65746979e+02, 2.05950912e+02,
       4.03582489e+02, 2.03904449e+02, 4.42484161e+02, 2.01867783e+02,
       4.81273224e+02, 2.00398788e+02, 2.60416138e+02, 2.50555481e+02,
       2.95254028e+02, 2.48280624e+02, 3.31121246e+02, 2.46187057e+02,
       3.67827759e+02, 2.44175262e+02, 4.05613373e+02, 2.42240051e+02,
       4.44036346e+02, 2.40407974e+02, 4.82718842e+02, 2.38872040e+02,
       2.63712097e+02, 2.87267151e+02, 2.98086060e+02, 2.85373291e+02,
       3.33707214e+02, 2.83567505e+02, 3.70346527e+02, 2.81770020e+02,
       4.07563141e+02, 2.80272705e+02, 4.45720825e+02, 2.78496460e+02,
       4.83882111e+02, 2.77129883e+02, 2.67282593e+02, 3.23279663e+02,
       3.01498505e+02, 3.21874237e+02, 3.36860291e+02, 3.20415680e+02,
       3.73014709e+02, 3.18987640e+02, 4.09884674e+02, 3.17652618e+02,
       4.47471161e+02, 3.16215698e+02, 4.85347931e+02, 3.14845886e+02,
       2.71330475e+02, 3.58436676e+02, 3.05157349e+02, 3.57402527e+02,
       3.40227264e+02, 3.56254578e+02, 3.75876587e+02, 3.55162109e+02,
       4.12325195e+02, 3.54286438e+02, 4.49363770e+02, 3.52900635e+02,
       4.86726135e+02, 3.51820496e+02, 2.75353455e+02, 3.92867340e+02,
       3.09077850e+02, 3.92184052e+02, 3.43571472e+02, 3.91207336e+02,
       3.78930176e+02, 3.90410828e+02, 4.14800842e+02, 3.89646759e+02,
       4.51327759e+02, 3.88738403e+02, 4.88195343e+02, 3.87618713e+02,
       2.79645905e+02, 4.26477783e+02, 3.12981384e+02, 4.25981476e+02,
       3.47242188e+02, 4.25307312e+02, 3.81988190e+02, 4.24525757e+02,
       4.17338196e+02, 4.24116364e+02, 4.53367981e+02, 4.23392029e+02,
       4.89531097e+02, 4.22133698e+02, 2.84140076e+02, 4.59252655e+02,
       3.17042084e+02, 4.58638397e+02, 3.50703705e+02, 4.58367035e+02,
       3.85115265e+02, 4.57884430e+02, 4.19953430e+02, 4.57342712e+02,
       4.55415100e+02, 4.56650269e+02, 4.91063232e+02, 4.55287842e+02 ]
   - [ 2.53013474e+02, 1.39183105e+02, 2.88408203e+02, 1.35507782e+02,
       3.24946106e+02, 1.32363388e+02, 3.62359100e+02, 1.29251465e+02,
       4.00555298e+02, 1.26727829e+02, 4.39596344e+02, 1.24469444e+02,
       4.78810181e+02, 1.22767151e+02, 2.55082077e+02, 1.76440247e+02,
       2.90378784e+02, 1.73243317e+02, 3.26812683e+02, 1.70364807e+02,
       3.63813629e+02, 1.67724640e+02, 4.02027466e+02, 1.65298889e+02,
       4.40952576e+02, 1.63182709e+02, 4.80072723e+02, 1.61595261e+02,
       2.57460876e+02, 2.13681763e+02, 2.92656433e+02, 2.10737488e+02,
       3.28761292e+02, 2.08364639e+02, 3.65785278e+02, 2.06006332e+02,
       4.03624023e+02, 2.03926025e+02, 4.42494934e+02, 2.01934067e+02,
       4.81295044e+02, 2.00413239e+02, 2.60455109e+02, 2.50568359e+02,
       2.95283997e+02, 2.48271149e+02, 3.31147675e+02, 2.46209320e+02,
       3.67897369e+02, 2.44170319e+02, 4.05651794e+02, 2.42258041e+02,
       4.44086060e+02, 2.40427414e+02, 4.82745697e+02, 2.38886322e+02,
       2.63733948e+02, 2.87299438e+02, 2.98122894e+02, 2.85378967e+02,
       3.33739624e+02, 2.83604492e+02, 3.70384644e+02, 2.81786224e+02,
       4.07597046e+02, 2.80257721e+02, 4.45763855e+02, 2.78494843e+02,
       4.83916107e+02, 2.77144135e+02, 2.67299713e+02, 3.23301880e+02,
       3.01528229e+02, 3.21916992e+02, 3.36882080e+02, 3.20422089e+02,
       3.73044708e+02, 3.19000549e+02, 4.09910431e+02, 3.17641937e+02,
       4.47493561e+02, 3.16222412e+02, 4.85354401e+02, 3.14866150e+02,
       2.71341919e+02, 3.58435913e+02, 3.05166229e+02, 3.57434784e+02,
       3.40254486e+02, 3.56277466e+02, 3.75923126e+02, 3.55177032e+02,
       4.12362335e+02, 3.54280853e+02, 4.49381897e+02, 3.52931000e+02,
       4.86755432e+02, 3.51834656e+02, 2.75387085e+02, 3.92907806e+02,
       3.09084564e+02, 3.92224915e+02, 3.43590607e+02, 3.91251556e+02,
       3.78961426e+02, 3.90411316e+02, 4.14831482e+02, 3.89639435e+02,
       4.51326477e+02, 3.88774963e+02, 4.88207581e+02, 3.87678436e+02,
       2.79660614e+02, 4.26482239e+02, 3.12985779e+02, 4.26024139e+02,
       3.47254211e+02, 4.25354431e+02, 3.81984558e+02, 4.24559113e+02,
       4.17349854e+02, 4.24130981e+02, 4.53378662e+02, 4.23427734e+02,
       4.89540466e+02, 4.22194336e+02, 2.84157135e+02, 4.59278839e+02,
       3.17051239e+02, 4.58679474e+02, 3.50708618e+02, 4.58407806e+02,
       3.85114624e+02, 4.57963013e+02, 4.19932190e+02, 4.57393097e+02,
       4.55427612e+02, 4.56702942e+02, 4.91100189e+02, 4.55351166e+02 ]
   - [ 3.94214447e+02, 1.26681633e+02, 4.33066345e+02, 1.24503090e+02,
       4.72367584e+02, 1.22831245e+02, 5.11717926e+02, 1.21596603e+02,
       5.51101746e+02, 1.20808777e+02, 5.90365784e+02, 1.20626328e+02,
       6.28944885e+02, 1.20769577e+02, 3.95620544e+02, 1.65198044e+02,
       4.34307404e+02, 1.63208145e+02, 4.73437286e+02, 1.61629715e+02,
       5.12727234e+02, 1.60498886e+02, 5.52007507e+02, 1.59692566e+02,
       5.90930664e+02, 1.59266403e+02, 6.29443604e+02, 1.59341705e+02,
       3.97274475e+02, 2.03698090e+02, 4.35649963e+02, 2.01867676e+02,
       4.74656769e+02, 2.00475372e+02, 5.13659424e+02, 1.99365799e+02,
       5.52719482e+02, 1.98469971e+02, 5.91509766e+02, 1.97968307e+02,
       6.29643921e+02, 1.97621017e+02, 3.99145691e+02, 2.41896744e+02,
       4.37233643e+02, 2.40412186e+02, 4.75818115e+02, 2.39095718e+02,
       5.14638611e+02, 2.38079926e+02, 5.53346619e+02, 2.37072708e+02,
       5.91787354e+02, 2.36358063e+02, 6.29814392e+02, 2.36015961e+02,
       4.01187195e+02, 2.79848846e+02, 4.38945221e+02, 2.78463531e+02,
       4.77192932e+02, 2.77291748e+02, 5.15569214e+02, 2.76314636e+02,
       5.53921936e+02, 2.75341248e+02, 5.92130005e+02, 2.74402740e+02,
       6.29663452e+02, 2.73764282e+02, 4.03275818e+02, 3.17098206e+02,
       4.40643921e+02, 3.16100098e+02, 4.78624878e+02, 3.14828033e+02,
       5.16564819e+02, 3.13978973e+02, 5.54591309e+02, 3.13017059e+02,
       5.92257568e+02, 3.12021698e+02, 6.29454102e+02, 3.11335114e+02,
       4.05551483e+02, 3.53646942e+02, 4.42625427e+02, 3.52525085e+02,
       4.79900513e+02, 3.51579926e+02, 5.17415649e+02, 3.50505249e+02,
       5.54872925e+02, 3.49783936e+02, 5.92327820e+02, 3.48691254e+02,
       6.29086365e+02, 3.47847900e+02, 4.08034546e+02, 3.89125092e+02,
       4.44575287e+02, 3.88195648e+02, 4.81343079e+02, 3.87206146e+02,
       5.18380737e+02, 3.86277344e+02, 5.55263367e+02, 3.85547394e+02,
       5.92121521e+02, 3.84525391e+02, 6.28539307e+02, 3.83548737e+02,
       4.10529999e+02, 4.23813080e+02, 4.46610809e+02, 4.22755219e+02,
       4.82770630e+02, 4.22015991e+02, 5.19170532e+02, 4.20941284e+02,
       5.55466003e+02, 4.20213257e+02, 5.91749451e+02, 4.19372040e+02,
       6.27433044e+02, 4.17812683e+02, 4.13028595e+02, 4.57372162e+02,
       4.48575897e+02, 4.56468933e+02, 4.84267426e+02, 4.55685608e+02,
       5.19973206e+02, 4.54568329e+02, 5.55696472e+02, 4.53690948e+02,
